2018-01-09,桔子,积分,1.3,战斗奖励
2018-01-09,趙孽,积分,1.3,战斗奖励
2018-01-09,他二舅,积分,1.3,战斗奖励
2018-01-09,宗伟谨,积分,1.3,战斗奖励
2018-01-09,神香香,积分,1.3,战斗奖励
2018-01-09,九二五五,积分,1.3,战斗奖励
2018-01-09,勾右手不离,积分,1.3,战斗奖励
2018-01-09,坐怀真不乱,积分,1.3,战斗奖励
